"param1","param2","param3","param4","param5","Variable","Iteration","NAME"
"0","0","0","0","0","CENTER","0","MVN_DEFL2a_LHS_NOPAR"
"0.1","0.1","0.1","0.1","0.1","VAR","0","MVN_DEFL2a_LHS_NOPAR"
"0.1","0","0","0","0","COV","0","MVN_DEFL2a_LHS_NOPAR"
"0","0.1","0","0","0","COV","0","MVN_DEFL2a_LHS_NOPAR"
"0","0","0.1","0","0","COV","0","MVN_DEFL2a_LHS_NOPAR"
"0","0","0","0.1","0","COV","0","MVN_DEFL2a_LHS_NOPAR"
"0","0","0","0","0.1","COV","0","MVN_DEFL2a_LHS_NOPAR"
NA,NA,NA,NA,NA,"P975","0","MVN_DEFL2a_LHS_NOPAR"
NA,NA,NA,NA,NA,"P025","0","MVN_DEFL2a_LHS_NOPAR"
"0.0227516914262595","-0.0129612951186039","-0.0317797877259526","-0.0382735883114559","-0.0849084127116553","CENTER","1","MVN_DEFL2a_LHS_NOPAR"
"0.171228184770137","0.178493077149325","0.186634394141791","0.17860902051663","0.150540004029072","VAR","1","MVN_DEFL2a_LHS_NOPAR"
"0.171228184770137","-0.0212858604529193","-0.00582287575426356","-0.0209418681744111","-0.00643778912595422","COV","1","MVN_DEFL2a_LHS_NOPAR"
"-0.0212858604529193","0.178493077149325","0.0378746089634438","0.000518877248102472","-0.0004699058570602","COV","1","MVN_DEFL2a_LHS_NOPAR"
"-0.00582287575426356","0.0378746089634438","0.186634394141791","-0.0124509880819798","0.0400564125764507","COV","1","MVN_DEFL2a_LHS_NOPAR"
"-0.0209418681744111","0.000518877248102472","-0.0124509880819798","0.17860902051663","0.0603894750448199","COV","1","MVN_DEFL2a_LHS_NOPAR"
"-0.00643778912595422","-0.0004699058570602","0.0400564125764507","0.0603894750448199","0.150540004029072","COV","1","MVN_DEFL2a_LHS_NOPAR"
"-0.593494313556655","-0.699151601430386","-0.726168581350516","-0.703616708727471","-0.614799200129872","P025","1","MVN_DEFL2a_LHS_NOPAR"
"0.793990346604019","0.709386302824216","0.642345885047356","0.660681380992192","0.681021933750877","P975","1","MVN_DEFL2a_LHS_NOPAR"
"-0.00097431956519855","-0.0295566319824002","-0.0163649995166012","0.00553798757489197","-0.144431176814731","CENTER","2","MVN_DEFL2a_LHS_NOPAR"
"0.209239940204455","0.329284347061049","0.353084240457962","0.413010417845082","0.198207578598548","VAR","2","MVN_DEFL2a_LHS_NOPAR"
"0.209239940204455","-0.0317282005599699","-0.0612028415140525","0.105777288445797","-0.141154348929973","COV","2","MVN_DEFL2a_LHS_NOPAR"
"-0.0317282005599699","0.329284347061049","-0.139116304605478","-0.0636492877238492","-0.00417517939665893","COV","2","MVN_DEFL2a_LHS_NOPAR"
"-0.0612028415140525","-0.139116304605478","0.353084240457962","-0.0267834793240481","0.0531569504060317","COV","2","MVN_DEFL2a_LHS_NOPAR"
"0.105777288445797","-0.0636492877238492","-0.0267834793240481","0.413010417845082","-0.0971172526551276","COV","2","MVN_DEFL2a_LHS_NOPAR"
"-0.141154348929973","-0.00417517939665893","0.0531569504060317","-0.0971172526551276","0.198207578598548","COV","2","MVN_DEFL2a_LHS_NOPAR"
"-0.683184695336882","-1.00307825805448","-0.905765821033701","-0.920402761019113","-0.869216921813499","P025","2","MVN_DEFL2a_LHS_NOPAR"
"0.807188147146733","0.913625766157608","1.04786931362488","1.20753753491631","0.517716840960898","P975","2","MVN_DEFL2a_LHS_NOPAR"
"0.12851925994817","0.00416443758693978","-0.0191468006874792","-0.185043999199037","-0.0948374068052621","CENTER","3","MVN_DEFL2a_LHS_NOPAR"
"0.452831069665563","0.381267741796816","0.674735783129667","0.584271378728832","0.333636451823321","VAR","3","MVN_DEFL2a_LHS_NOPAR"
"0.452831069665563","0.00861160424258078","0.183433522223133","-0.0013036747407543","0.164501874704911","COV","3","MVN_DEFL2a_LHS_NOPAR"
"0.00861160424258078","0.381267741796816","0.0657463087333411","0.0839419519805424","-0.0463296977565645","COV","3","MVN_DEFL2a_LHS_NOPAR"
"0.183433522223133","0.0657463087333411","0.674735783129667","-0.0810041151582742","0.113359610240285","COV","3","MVN_DEFL2a_LHS_NOPAR"
"-0.0013036747407543","0.0839419519805424","-0.0810041151582742","0.584271378728832","0.0222322674329296","COV","3","MVN_DEFL2a_LHS_NOPAR"
"0.164501874704911","-0.0463296977565645","0.113359610240285","0.0222322674329296","0.333636451823321","COV","3","MVN_DEFL2a_LHS_NOPAR"
"-1.15463372576131","-0.980269287423057","-1.28167383134961","-1.45485147205034","-1.08651227632269","P025","3","MVN_DEFL2a_LHS_NOPAR"
"1.12070222777937","1.24889063003777","1.42986092751083","1.26882025508727","0.63101668406577","P975","3","MVN_DEFL2a_LHS_NOPAR"
"0.102347636313137","-0.149104681718404","0.0204802558952196","0.146169669020464","-0.114862173612665","CENTER","4","MVN_DEFL2a_LHS_NOPAR"
"0.631380864066232","0.44286456177946","1.16981498325035","0.758708170688039","0.741422965955658","VAR","4","MVN_DEFL2a_LHS_NOPAR"
"0.631380864066232","-0.204768762919098","-0.0473980104389185","0.204666777250253","0.00162336621799606","COV","4","MVN_DEFL2a_LHS_NOPAR"
"-0.204768762919098","0.44286456177946","0.0835538105095397","-0.102571406087701","0.205176743478381","COV","4","MVN_DEFL2a_LHS_NOPAR"
"-0.0473980104389185","0.0835538105095397","1.16981498325035","0.212804160399178","-0.082732398925013","COV","4","MVN_DEFL2a_LHS_NOPAR"
"0.204666777250253","-0.102571406087701","0.212804160399178","0.758708170688039","-0.252996476246599","COV","4","MVN_DEFL2a_LHS_NOPAR"
"0.00162336621799606","0.205176743478381","-0.082732398925013","-0.252996476246599","0.741422965955658","COV","4","MVN_DEFL2a_LHS_NOPAR"
"-1.07014359305947","-1.36334520499054","-2.12078471398829","-1.29697979954986","-1.44296876819622","P025","4","MVN_DEFL2a_LHS_NOPAR"
"1.63396687843839","1.00353147497759","1.82056807388726","1.43602465495461","1.09674601242892","P975","4","MVN_DEFL2a_LHS_NOPAR"
"-0.182094966428921","-0.308606491492006","0.231238152075611","-0.0362373898064568","0.181502819523887","CENTER","5","MVN_DEFL2a_LHS_NOPAR"
"0.840974432990929","0.899963780300447","0.858760377184755","1.14091588267544","1.09553265687596","VAR","5","MVN_DEFL2a_LHS_NOPAR"
"0.840974432990929","0.388893130033991","-0.258982487047232","-0.431346722572603","0.203471355142952","COV","5","MVN_DEFL2a_LHS_NOPAR"
"0.388893130033991","0.899963780300447","-0.104844262848637","-0.0181643330266619","0.0555428176087893","COV","5","MVN_DEFL2a_LHS_NOPAR"
"-0.258982487047232","-0.104844262848637","0.858760377184755","-0.157460399876431","-0.25234281342766","COV","5","MVN_DEFL2a_LHS_NOPAR"
"-0.431346722572603","-0.0181643330266619","-0.157460399876431","1.14091588267544","0.0287532366594701","COV","5","MVN_DEFL2a_LHS_NOPAR"
"0.203471355142952","0.0555428176087893","-0.25234281342766","0.0287532366594701","1.09553265687596","COV","5","MVN_DEFL2a_LHS_NOPAR"
"-1.70913735660376","-1.64823582277709","-1.09235226441818","-2.14802033563618","-1.25397458879138","P025","5","MVN_DEFL2a_LHS_NOPAR"
"1.27587738848268","1.36730824934758","2.12932141943523","1.66961490995539","2.18122531695002","P975","5","MVN_DEFL2a_LHS_NOPAR"
