param1,param2,param3,param4,param5,Variable,Iteration,NAME
1,1,1,1,1,CENTER,0,MVN_BIAS1_LHS_NOPAR
1,1,1,1,1,VAR,0,MVN_BIAS1_LHS_NOPAR
1,0,0,0,0,COV,0,MVN_BIAS1_LHS_NOPAR
0,1,0,0,0,COV,0,MVN_BIAS1_LHS_NOPAR
0,0,1,0,0,COV,0,MVN_BIAS1_LHS_NOPAR
0,0,0,1,0,COV,0,MVN_BIAS1_LHS_NOPAR
0,0,0,0,1,COV,0,MVN_BIAS1_LHS_NOPAR
NA,NA,NA,NA,NA,P975,0,MVN_BIAS1_LHS_NOPAR
NA,NA,NA,NA,NA,P025,0,MVN_BIAS1_LHS_NOPAR
0.462959746066536,0.515364179650845,0.498911867040493,0.457864725482556,0.461358189420824,CENTER,1,MVN_BIAS1_LHS_NOPAR
0.928147647232172,0.842680753550901,0.903071345913429,0.943438351221041,0.893238389952778,VAR,1,MVN_BIAS1_LHS_NOPAR
0.928147647232172,-0.085651227987627,-0.0751932105885925,-0.129729995994926,-0.038693015148522,COV,1,MVN_BIAS1_LHS_NOPAR
-0.085651227987627,0.842680753550901,-0.0858136384511015,-0.111479068019893,-0.119783029510414,COV,1,MVN_BIAS1_LHS_NOPAR
-0.0751932105885925,-0.0858136384511015,0.903071345913429,-0.115418012994427,-0.0778417760606271,COV,1,MVN_BIAS1_LHS_NOPAR
-0.129729995994926,-0.111479068019893,-0.115418012994427,0.943438351221041,-0.104746851236637,COV,1,MVN_BIAS1_LHS_NOPAR
-0.038693015148522,-0.119783029510414,-0.0778417760606271,-0.104746851236637,0.893238389952778,COV,1,MVN_BIAS1_LHS_NOPAR
-1.49035329741716,-1.38133397278943,-1.41428023500328,-1.41587802030821,-1.37148350122622,P025,1,MVN_BIAS1_LHS_NOPAR
2.27735745325646,2.2184016764774,2.26402565532561,2.39163212359996,2.34332956484422,P975,1,MVN_BIAS1_LHS_NOPAR
0.0938340319918325,0.125590097962541,0.100176364590114,0.0779629760916562,0.0793872385876448,CENTER,2,MVN_BIAS1_LHS_NOPAR
0.929941541286585,0.909042108971184,0.884695900836611,0.975535119872298,0.913306809749057,VAR,2,MVN_BIAS1_LHS_NOPAR
0.929941541286585,-0.0311702294995918,0.003552976611973,0.0422842471169712,-0.0305774719807112,COV,2,MVN_BIAS1_LHS_NOPAR
-0.0311702294995918,0.909042108971184,0.0321093460493082,-0.00686472570617553,0.00131156058149151,COV,2,MVN_BIAS1_LHS_NOPAR
0.003552976611973,0.0321093460493082,0.884695900836611,0.0237050080838897,-0.00520832377316764,COV,2,MVN_BIAS1_LHS_NOPAR
0.0422842471169712,-0.00686472570617553,0.0237050080838897,0.975535119872298,-0.00491935662524665,COV,2,MVN_BIAS1_LHS_NOPAR
-0.0305774719807112,0.00131156058149151,-0.00520832377316764,-0.00491935662524665,0.913306809749057,COV,2,MVN_BIAS1_LHS_NOPAR
-1.72131117921204,-1.64400510238808,-1.69359023045378,-1.91916539080221,-1.78329538080068,P025,2,MVN_BIAS1_LHS_NOPAR
2.12082080252098,1.99388015970196,1.94866492743622,2.05409947270777,1.97233848096396,P975,2,MVN_BIAS1_LHS_NOPAR
-0.0425621111171144,0.0295151521365412,0.00622446102105512,0.0204956651803103,0.026392071325544,CENTER,3,MVN_BIAS1_LHS_NOPAR
0.989639860716082,0.97225694654422,0.955255377861585,0.969306924654098,0.978844379175848,VAR,3,MVN_BIAS1_LHS_NOPAR
0.989639860716082,0.0124028641617174,-0.044485501324062,-0.0542617285977694,0.0757767739940102,COV,3,MVN_BIAS1_LHS_NOPAR
0.0124028641617174,0.97225694654422,-0.0388290399207118,-0.0403226559715855,-0.0102344196762185,COV,3,MVN_BIAS1_LHS_NOPAR
-0.044485501324062,-0.0388290399207118,0.955255377861585,-0.053774160421562,0.00655233402016987,COV,3,MVN_BIAS1_LHS_NOPAR
-0.0542617285977694,-0.0403226559715855,-0.053774160421562,0.969306924654098,0.00625526048978328,COV,3,MVN_BIAS1_LHS_NOPAR
0.0757767739940102,-0.0102344196762185,0.00655233402016987,0.00625526048978328,0.978844379175848,COV,3,MVN_BIAS1_LHS_NOPAR
-1.88376849599034,-1.9198049492712,-1.83187765393118,-1.79895638100594,-2.02385693022661,P025,3,MVN_BIAS1_LHS_NOPAR
1.8560715613454,1.93821991936033,1.90718969013245,1.99468197247984,1.95205905193707,P975,3,MVN_BIAS1_LHS_NOPAR
-0.00629125729896174,-0.00982492936621727,-0.0122122313626542,0.000886183569345814,-0.0227783449139073,CENTER,4,MVN_BIAS1_LHS_NOPAR
0.978722081533039,1.06046800825196,0.963289825823944,1.00082360063789,0.985169221309413,VAR,4,MVN_BIAS1_LHS_NOPAR
0.978722081533039,-0.0472047310838385,0.0438324145321982,0.0340457343795267,-0.0277233892375055,COV,4,MVN_BIAS1_LHS_NOPAR
-0.0472047310838385,1.06046800825196,0.0745815059073167,0.0273158508219706,-0.0222349715880594,COV,4,MVN_BIAS1_LHS_NOPAR
0.0438324145321982,0.0745815059073167,0.963289825823944,0.036976453386031,-0.0449200846564001,COV,4,MVN_BIAS1_LHS_NOPAR
0.0340457343795267,0.0273158508219706,0.036976453386031,1.00082360063789,0.00702687590857314,COV,4,MVN_BIAS1_LHS_NOPAR
-0.0277233892375055,-0.0222349715880594,-0.0449200846564001,0.00702687590857314,0.985169221309413,COV,4,MVN_BIAS1_LHS_NOPAR
-1.9595353178003,-1.98009744261482,-1.88426475224077,-1.88309776190326,-1.9810685407213,P025,4,MVN_BIAS1_LHS_NOPAR
1.86953707080241,2.04898442628866,1.85541413410069,2.03793566159418,1.90922174075261,P975,4,MVN_BIAS1_LHS_NOPAR
-0.00329079550710712,0.00537608380633666,-0.0251055461996674,-0.0448065146631781,0.00986248636558388,CENTER,5,MVN_BIAS1_LHS_NOPAR
0.992441030934776,1.00584000127131,0.943420233018648,1.07544460463751,0.979820340288863,VAR,5,MVN_BIAS1_LHS_NOPAR
0.992441030934776,0.0498268612594014,-0.0636303827204342,-0.0765666248460855,0.0568602538582032,COV,5,MVN_BIAS1_LHS_NOPAR
0.0498268612594014,1.00584000127131,-0.0149108260151554,-0.00581398936312424,0.0337839566740028,COV,5,MVN_BIAS1_LHS_NOPAR
-0.0636303827204342,-0.0149108260151554,0.943420233018648,-0.0728759053930404,0.0181457527116232,COV,5,MVN_BIAS1_LHS_NOPAR
-0.0765666248460855,-0.00581398936312424,-0.0728759053930404,1.07544460463751,-0.0285236733034214,COV,5,MVN_BIAS1_LHS_NOPAR
0.0568602538582032,0.0337839566740028,0.0181457527116232,-0.0285236733034214,0.979820340288863,COV,5,MVN_BIAS1_LHS_NOPAR
-2.01403542052084,-2.07077399615319,-1.97510293584445,-2.0910597377552,-1.88004692286097,P025,5,MVN_BIAS1_LHS_NOPAR
1.94116874607192,1.84910295548076,1.87920445883477,2.0572014273027,1.91866533719521,P975,5,MVN_BIAS1_LHS_NOPAR
1,1,1,1,1,CENTER,0,MVN_BIAS1_MC_NOPAR
1,1,1,1,1,VAR,0,MVN_BIAS1_MC_NOPAR
1,0,0,0,0,COV,0,MVN_BIAS1_MC_NOPAR
0,1,0,0,0,COV,0,MVN_BIAS1_MC_NOPAR
0,0,1,0,0,COV,0,MVN_BIAS1_MC_NOPAR
0,0,0,1,0,COV,0,MVN_BIAS1_MC_NOPAR
0,0,0,0,1,COV,0,MVN_BIAS1_MC_NOPAR
NA,NA,NA,NA,NA,P975,0,MVN_BIAS1_MC_NOPAR
NA,NA,NA,NA,NA,P025,0,MVN_BIAS1_MC_NOPAR
0.419548273440391,0.531371782222509,0.42137640170459,0.460289618048549,0.45269991814249,CENTER,1,MVN_BIAS1_MC_NOPAR
0.892292080568216,0.908045083468993,0.901703474305886,0.901630537072369,0.868992422030308,VAR,1,MVN_BIAS1_MC_NOPAR
0.892292080568216,-0.13931939796492,-0.124431387535872,-0.0731179522594525,-0.118480340217593,COV,1,MVN_BIAS1_MC_NOPAR
-0.13931939796492,0.908045083468993,-0.0815946086006241,-0.120249702664892,-0.0545740590644393,COV,1,MVN_BIAS1_MC_NOPAR
-0.124431387535872,-0.0815946086006241,0.901703474305886,-0.037989427147926,-0.0882378399423703,COV,1,MVN_BIAS1_MC_NOPAR
-0.0731179522594525,-0.120249702664892,-0.037989427147926,0.901630537072369,-0.124458802872766,COV,1,MVN_BIAS1_MC_NOPAR
-0.118480340217593,-0.0545740590644393,-0.0882378399423703,-0.124458802872766,0.868992422030308,COV,1,MVN_BIAS1_MC_NOPAR
-1.49494289054425,-1.32971749094864,-1.38669212861091,-1.34405033968746,-1.3449777655866,P025,1,MVN_BIAS1_MC_NOPAR
2.30050825363276,2.3980981275881,2.23311529958552,2.29138790271926,2.36822146147523,P975,1,MVN_BIAS1_MC_NOPAR
0.25593467471029,0.20953619452747,0.215857617158613,0.260814367229932,0.251712380418246,CENTER,2,MVN_BIAS1_MC_NOPAR
0.910021350665598,0.899986103754657,0.942322437571068,0.942758885823593,0.949996680769776,VAR,2,MVN_BIAS1_MC_NOPAR
0.910021350665598,-0.077334495626366,-0.0878168604890874,-0.0814645423247632,-0.0825981959438154,COV,2,MVN_BIAS1_MC_NOPAR
-0.077334495626366,0.899986103754657,-0.135434669475574,-0.0621236492328704,-0.060766341341663,COV,2,MVN_BIAS1_MC_NOPAR
-0.0878168604890874,-0.135434669475574,0.942322437571068,-0.125477059721409,-0.0478227398260683,COV,2,MVN_BIAS1_MC_NOPAR
-0.0814645423247632,-0.0621236492328704,-0.125477059721409,0.942758885823593,-0.139301373306792,COV,2,MVN_BIAS1_MC_NOPAR
-0.0825981959438154,-0.060766341341663,-0.0478227398260683,-0.139301373306792,0.949996680769776,COV,2,MVN_BIAS1_MC_NOPAR
-1.51885856084772,-1.74160907540327,-1.60108144806824,-1.53608741995417,-1.59847746906422,P025,2,MVN_BIAS1_MC_NOPAR
2.28653005414039,1.99029803765944,2.13048719419764,2.1117480185937,2.180433458604,P975,2,MVN_BIAS1_MC_NOPAR
0.094104652571942,0.0552757252137797,0.0758242282748815,0.12934219606469,0.0895085743990651,CENTER,3,MVN_BIAS1_MC_NOPAR
0.944278421520773,0.940140453409401,1.00919310138218,0.899971042352735,0.995559445006717,VAR,3,MVN_BIAS1_MC_NOPAR
0.944278421520773,-0.0690377107062275,-0.0890785160531423,-0.0349828425450434,-0.0656915563733882,COV,3,MVN_BIAS1_MC_NOPAR
-0.0690377107062275,0.940140453409401,-0.0237842569090272,-0.103077416399104,0.0115684764621331,COV,3,MVN_BIAS1_MC_NOPAR
-0.0890785160531423,-0.0237842569090272,1.00919310138218,-0.128985239310944,-0.0533088523743398,COV,3,MVN_BIAS1_MC_NOPAR
-0.0349828425450434,-0.103077416399104,-0.128985239310944,0.899971042352735,-0.0178479597814311,COV,3,MVN_BIAS1_MC_NOPAR
-0.0656915563733882,0.0115684764621331,-0.0533088523743398,-0.0178479597814311,0.995559445006717,COV,3,MVN_BIAS1_MC_NOPAR
-1.82756783922953,-1.81172327443664,-1.86186712374272,-1.76003015138934,-1.79583807407828,P025,3,MVN_BIAS1_MC_NOPAR
2.07120126272395,2.00527449089782,1.99795415622613,2.06800009743531,2.15900481711496,P975,3,MVN_BIAS1_MC_NOPAR
0.0425877806858825,0.0289123487555643,0.00873828408286964,0.0509052149138679,-0.034783250968685,CENTER,4,MVN_BIAS1_MC_NOPAR
0.926737335205806,1.07973348580677,1.07781224811514,0.838966737345317,0.913642998573525,VAR,4,MVN_BIAS1_MC_NOPAR
0.926737335205806,-0.00428258089547947,-0.0326108447444765,-0.000159215159016629,-0.062189029617364,COV,4,MVN_BIAS1_MC_NOPAR
-0.00428258089547947,1.07973348580677,-0.0380310810122676,-0.0322044795760118,0.0516487396490299,COV,4,MVN_BIAS1_MC_NOPAR
-0.0326108447444765,-0.0380310810122676,1.07781224811514,-0.0231646299482716,-0.0122500847947339,COV,4,MVN_BIAS1_MC_NOPAR
-0.000159215159016629,-0.0322044795760118,-0.0231646299482716,0.838966737345317,-0.0330048077093729,COV,4,MVN_BIAS1_MC_NOPAR
-0.062189029617364,0.0516487396490299,-0.0122500847947339,-0.0330048077093729,0.913642998573525,COV,4,MVN_BIAS1_MC_NOPAR
-1.78191166577902,-2.04117433704697,-2.04836069896513,-1.73156117910618,-2.03534468198907,P025,4,MVN_BIAS1_MC_NOPAR
2.00325477407439,2.10663147744262,1.97936980797801,1.96144080013169,1.72639388805444,P975,4,MVN_BIAS1_MC_NOPAR
0.0238599262419705,0.0206322343781658,0.0557142396042176,0.0532532398743744,0.0319598007594162,CENTER,5,MVN_BIAS1_MC_NOPAR
1.01492941103272,0.995861535170572,0.969148516277056,0.93352534766048,0.977478481218244,VAR,5,MVN_BIAS1_MC_NOPAR
1.01492941103272,0.0194116420660915,0.019917456543947,-0.00857183384272046,0.0440916910798689,COV,5,MVN_BIAS1_MC_NOPAR
0.0194116420660915,0.995861535170572,-0.00604410534662155,-0.0300899293537719,0.00608054677260867,COV,5,MVN_BIAS1_MC_NOPAR
0.019917456543947,-0.00604410534662155,0.969148516277056,-0.029874284113427,-0.0158904740175116,COV,5,MVN_BIAS1_MC_NOPAR
-0.00857183384272046,-0.0300899293537719,-0.029874284113427,0.93352534766048,0.00256540276846057,COV,5,MVN_BIAS1_MC_NOPAR
0.0440916910798689,0.00608054677260867,-0.0158904740175116,0.00256540276846057,0.977478481218244,COV,5,MVN_BIAS1_MC_NOPAR
-1.91659185428009,-1.93844384638843,-1.85656660545439,-1.7008898873842,-1.90615463895029,P025,5,MVN_BIAS1_MC_NOPAR
1.87837352805473,1.93801956464902,2.02297852056696,1.95779617921303,1.87380284374054,P975,5,MVN_BIAS1_MC_NOPAR
2,2,2,2,2,CENTER,0,MVN_BIAS2_LHS_NOPAR
1,1,1,1,1,VAR,0,MVN_BIAS2_LHS_NOPAR
1,0,0,0,0,COV,0,MVN_BIAS2_LHS_NOPAR
0,1,0,0,0,COV,0,MVN_BIAS2_LHS_NOPAR
0,0,1,0,0,COV,0,MVN_BIAS2_LHS_NOPAR
0,0,0,1,0,COV,0,MVN_BIAS2_LHS_NOPAR
0,0,0,0,1,COV,0,MVN_BIAS2_LHS_NOPAR
NA,NA,NA,NA,NA,P975,0,MVN_BIAS2_LHS_NOPAR
NA,NA,NA,NA,NA,P025,0,MVN_BIAS2_LHS_NOPAR
1.38178019333619,1.38995894430836,1.42729517692211,1.45001945874109,1.39413427336696,CENTER,1,MVN_BIAS2_LHS_NOPAR
0.868027004687897,0.849616869947897,0.886939590776313,0.896891671427214,0.898496734245079,VAR,1,MVN_BIAS2_LHS_NOPAR
0.868027004687897,-0.128015669420331,-0.123746642842975,-0.145975197233764,-0.0954430363740061,COV,1,MVN_BIAS2_LHS_NOPAR
-0.128015669420331,0.849616869947897,-0.164669636892407,-0.112033545952044,-0.223375408278745,COV,1,MVN_BIAS2_LHS_NOPAR
-0.123746642842975,-0.164669636892407,0.886939590776313,-0.148618698714361,-0.124367959047286,COV,1,MVN_BIAS2_LHS_NOPAR
-0.145975197233764,-0.112033545952044,-0.148618698714361,0.896891671427214,-0.140669528395716,COV,1,MVN_BIAS2_LHS_NOPAR
-0.0954430363740061,-0.223375408278745,-0.124367959047286,-0.140669528395716,0.898496734245079,COV,1,MVN_BIAS2_LHS_NOPAR
-0.490353297417157,-0.400024447740954,-0.452757928028018,-0.415878020308214,-0.408131549871236,P025,1,MVN_BIAS2_LHS_NOPAR
3.24844260503559,3.08833841092116,3.26396353530365,3.27846165847373,3.32126020508552,P975,1,MVN_BIAS2_LHS_NOPAR
0.865929449555889,0.835722698390195,0.896815868735188,0.864887922244299,0.827453791608579,CENTER,2,MVN_BIAS2_LHS_NOPAR
0.784409713587794,0.750314277894159,0.772277781480179,0.770281627360826,0.762063991029881,VAR,2,MVN_BIAS2_LHS_NOPAR
0.784409713587794,-0.128563405331264,-0.0961604299682319,-0.104664322163797,-0.13195840175505,COV,2,MVN_BIAS2_LHS_NOPAR
-0.128563405331264,0.750314277894159,-0.114143011291434,-0.111399941102617,-0.119714962607232,COV,2,MVN_BIAS2_LHS_NOPAR
-0.0961604299682319,-0.114143011291434,0.772277781480179,-0.104587099823777,-0.0941022134223905,COV,2,MVN_BIAS2_LHS_NOPAR
-0.104664322163797,-0.111399941102617,-0.104587099823777,0.770281627360826,-0.13589750440098,COV,2,MVN_BIAS2_LHS_NOPAR
-0.13195840175505,-0.119714962607232,-0.0941022134223905,-0.13589750440098,0.762063991029881,COV,2,MVN_BIAS2_LHS_NOPAR
-0.871019608555693,-0.787663749744375,-0.798552407011586,-0.867052765057164,-0.836909734180954,P025,2,MVN_BIAS2_LHS_NOPAR
2.63559691273468,2.52637706482952,2.67199850970071,2.65482788307719,2.53363528176402,P975,2,MVN_BIAS2_LHS_NOPAR
0.440699492891154,0.43653489408872,0.45702835463604,0.417431961630715,0.350138335297628,CENTER,3,MVN_BIAS2_LHS_NOPAR
0.829842377738622,0.793257059606477,0.783659795404387,0.762179488521355,0.792840037760848,VAR,3,MVN_BIAS2_LHS_NOPAR
0.829842377738622,-0.00765059181386452,-0.0436900731253556,-0.0138750390438216,0.00484782479181095,COV,3,MVN_BIAS2_LHS_NOPAR
-0.00765059181386452,0.793257059606477,-0.00924948207320944,-0.012611635129924,0.0099467882375181,COV,3,MVN_BIAS2_LHS_NOPAR
-0.0436900731253556,-0.00924948207320944,0.783659795404387,0.00359341785167468,-0.0101876513846051,COV,3,MVN_BIAS2_LHS_NOPAR
-0.0138750390438216,-0.012611635129924,0.00359341785167468,0.762179488521355,-0.0555501213594042,COV,3,MVN_BIAS2_LHS_NOPAR
0.00484782479181095,0.0099467882375181,-0.0101876513846051,-0.0555501213594042,0.792840037760848,COV,3,MVN_BIAS2_LHS_NOPAR
-1.27624367109343,-1.29009752004974,-1.26218401383954,-1.23604654091459,-1.24998766058948,P025,3,MVN_BIAS2_LHS_NOPAR
2.36242550228504,2.26723506666024,2.36716850138141,2.18833873370678,2.19196845338976,P975,3,MVN_BIAS2_LHS_NOPAR
0.125714630202217,0.13104847934756,0.152742798866915,0.0950376720506988,0.144074725331641,CENTER,4,MVN_BIAS2_LHS_NOPAR
0.888771575650996,0.904359599680765,0.913613090053668,0.83947150909481,0.919558037112245,VAR,4,MVN_BIAS2_LHS_NOPAR
0.888771575650996,-0.0740031274283271,0.023591793555271,-0.0426543282055197,-0.0206071151651433,COV,4,MVN_BIAS2_LHS_NOPAR
-0.0740031274283271,0.904359599680765,-0.0169173600890988,-0.01958337144721,-0.0348462286601239,COV,4,MVN_BIAS2_LHS_NOPAR
0.023591793555271,-0.0169173600890988,0.913613090053668,-0.0701143348475708,-0.0215101376935185,COV,4,MVN_BIAS2_LHS_NOPAR
-0.0426543282055197,-0.01958337144721,-0.0701143348475708,0.83947150909481,0.0140985393453753,COV,4,MVN_BIAS2_LHS_NOPAR
-0.0206071151651433,-0.0348462286601239,-0.0215101376935185,0.0140985393453753,0.919558037112245,COV,4,MVN_BIAS2_LHS_NOPAR
-1.70203815471401,-1.68348451273314,-1.69072839612954,-1.62132685332424,-1.74217146818643,P025,4,MVN_BIAS2_LHS_NOPAR
1.95217857128653,2.08540580363516,2.03163345048918,2.07030305633978,1.97674368236708,P975,4,MVN_BIAS2_LHS_NOPAR
0.0342059475954792,0.0428517414179759,-0.00750362251609603,-0.0164808452254519,-0.0113970439896924,CENTER,5,MVN_BIAS2_LHS_NOPAR
1.00975544689926,0.943052750805297,1.01360697219424,0.947763684116494,0.987442795989616,VAR,5,MVN_BIAS2_LHS_NOPAR
1.00975544689926,0.0626682504711894,-0.0245792630748804,0.0363365686175335,0.0419603268069971,COV,5,MVN_BIAS2_LHS_NOPAR
0.0626682504711894,0.943052750805297,0.00922747757649028,0.0640698203823722,0.00592617023404444,COV,5,MVN_BIAS2_LHS_NOPAR
-0.0245792630748804,0.00922747757649028,1.01360697219424,0.0495899791571031,-0.049222666849611,COV,5,MVN_BIAS2_LHS_NOPAR
0.0363365686175335,0.0640698203823722,0.0495899791571031,0.947763684116494,-0.00947284296757449,COV,5,MVN_BIAS2_LHS_NOPAR
0.0419603268069971,0.00592617023404444,-0.049222666849611,-0.00947284296757449,0.987442795989616,COV,5,MVN_BIAS2_LHS_NOPAR
-1.95478959763413,-1.78188106004005,-1.91793212102773,-1.89828667198226,-1.96570333639839,P025,5,MVN_BIAS2_LHS_NOPAR
2.02751964513631,1.8827639856315,1.96378162119,1.87650442705775,1.94380266273879,P975,5,MVN_BIAS2_LHS_NOPAR
2,2,2,2,2,CENTER,0,MVN_BIAS2_MC_NOPAR
1,1,1,1,1,VAR,0,MVN_BIAS2_MC_NOPAR
1,0,0,0,0,COV,0,MVN_BIAS2_MC_NOPAR
0,1,0,0,0,COV,0,MVN_BIAS2_MC_NOPAR
0,0,1,0,0,COV,0,MVN_BIAS2_MC_NOPAR
0,0,0,1,0,COV,0,MVN_BIAS2_MC_NOPAR
0,0,0,0,1,COV,0,MVN_BIAS2_MC_NOPAR
NA,NA,NA,NA,NA,P975,0,MVN_BIAS2_MC_NOPAR
NA,NA,NA,NA,NA,P025,0,MVN_BIAS2_MC_NOPAR
1.37259007373559,1.42025230725632,1.37216428407601,1.35676665665,1.40470314639597,CENTER,1,MVN_BIAS2_MC_NOPAR
0.910032376444791,0.913014444801603,0.899790924211719,0.805839223227199,0.872560908234537,VAR,1,MVN_BIAS2_MC_NOPAR
0.910032376444791,-0.210066734113217,-0.150759659056264,-0.0905781801897627,-0.155674075284766,COV,1,MVN_BIAS2_MC_NOPAR
-0.210066734113217,0.913014444801603,-0.129566796283459,-0.191427937508385,-0.127524843308275,COV,1,MVN_BIAS2_MC_NOPAR
-0.150759659056264,-0.129566796283459,0.899790924211719,-0.104078049042778,-0.132142304373191,COV,1,MVN_BIAS2_MC_NOPAR
-0.0905781801897627,-0.191427937508385,-0.104078049042778,0.805839223227199,-0.178393296777601,COV,1,MVN_BIAS2_MC_NOPAR
-0.155674075284766,-0.127524843308275,-0.132142304373191,-0.178393296777601,0.872560908234537,COV,1,MVN_BIAS2_MC_NOPAR
-0.503250157115176,-0.481466234295015,-0.386692128610911,-0.306617080783084,-0.396946191027353,P025,1,MVN_BIAS2_MC_NOPAR
3.23086630789376,3.22747956941065,3.29305375640501,3.13092215711305,3.21305849923127,P975,1,MVN_BIAS2_MC_NOPAR
1.10371435138432,1.13806132561839,1.04329751857919,1.14702184165116,1.13381388990755,CENTER,2,MVN_BIAS2_MC_NOPAR
0.843477446904742,0.851140566347282,0.840033487188961,0.847621187451433,0.804384945643028,VAR,2,MVN_BIAS2_MC_NOPAR
0.843477446904742,-0.142468648726927,-0.136927681462389,-0.173999495437796,-0.163146945163683,COV,2,MVN_BIAS2_MC_NOPAR
-0.142468648726927,0.851140566347282,-0.178830588881519,-0.186781433862934,-0.189672724726552,COV,2,MVN_BIAS2_MC_NOPAR
-0.136927681462389,-0.178830588881519,0.840033487188961,-0.172368721452876,-0.138793607603924,COV,2,MVN_BIAS2_MC_NOPAR
-0.173999495437796,-0.186781433862934,-0.172368721452876,0.847621187451433,-0.19133230293165,COV,2,MVN_BIAS2_MC_NOPAR
-0.163146945163683,-0.189672724726552,-0.138793607603924,-0.19133230293165,0.804384945643028,COV,2,MVN_BIAS2_MC_NOPAR
-0.650118594402042,-0.827329569395937,-0.652942939613021,-0.703379874499687,-0.593386013202128,P025,2,MVN_BIAS2_MC_NOPAR
2.94285198164447,2.8989479074389,2.87411087391576,2.9013590180109,2.95533116718147,P975,2,MVN_BIAS2_MC_NOPAR
0.933814437233833,0.943470902655016,0.862806458854992,1.00618633063004,0.980144052395435,CENTER,3,MVN_BIAS2_MC_NOPAR
0.82855471036083,0.85932973739086,0.893598837129695,0.77675033105692,0.832879893810139,VAR,3,MVN_BIAS2_MC_NOPAR
0.82855471036083,-0.18162199360884,-0.177570882386511,-0.122967100631172,-0.145398407522283,COV,3,MVN_BIAS2_MC_NOPAR
-0.18162199360884,0.85932973739086,-0.153040451593608,-0.171214645230778,-0.184465345592554,COV,3,MVN_BIAS2_MC_NOPAR
-0.177570882386511,-0.153040451593608,0.893598837129695,-0.201176187752663,-0.132404572563512,COV,3,MVN_BIAS2_MC_NOPAR
-0.122967100631172,-0.171214645230778,-0.201176187752663,0.77675033105692,-0.20490314309734,COV,3,MVN_BIAS2_MC_NOPAR
-0.145398407522283,-0.184465345592554,-0.132404572563512,-0.20490314309734,0.832879893810139,COV,3,MVN_BIAS2_MC_NOPAR
-0.979804227177027,-0.919536590936058,-1.04156856021578,-0.75790132622266,-0.810063370952466,P025,3,MVN_BIAS2_MC_NOPAR
2.68924967183355,2.67204495670121,2.71486673356739,2.66556851518975,2.69600510760364,P975,3,MVN_BIAS2_MC_NOPAR
0.83870783593282,0.737290141489519,0.724066899910869,0.876815742161165,0.838682816188273,CENTER,4,MVN_BIAS2_MC_NOPAR
0.829764899225694,0.872870104986298,0.890796312095082,0.775742687140316,0.839667612752828,VAR,4,MVN_BIAS2_MC_NOPAR
0.829764899225694,-0.15690786730997,-0.166260226894426,-0.136868149987061,-0.148348548472209,COV,4,MVN_BIAS2_MC_NOPAR
-0.15690786730997,0.872870104986298,-0.123452529911195,-0.208869044195023,-0.156184715563631,COV,4,MVN_BIAS2_MC_NOPAR
-0.166260226894426,-0.123452529911195,0.890796312095082,-0.14900918987779,-0.157791660064667,COV,4,MVN_BIAS2_MC_NOPAR
-0.136868149987061,-0.208869044195023,-0.14900918987779,0.775742687140316,-0.184003369249011,COV,4,MVN_BIAS2_MC_NOPAR
-0.148348548472209,-0.156184715563631,-0.157791660064667,-0.184003369249011,0.839667612752828,COV,4,MVN_BIAS2_MC_NOPAR
-0.939087646710936,-1.0982281289162,-1.16640172394337,-0.820121090871699,-0.917133127009029,P025,4,MVN_BIAS2_MC_NOPAR
2.62873122754177,2.61939824148373,2.59045503082206,2.65960218305609,2.57967545794652,P975,4,MVN_BIAS2_MC_NOPAR
0.624080793701766,0.700792494538224,0.549386172085195,0.758052732338794,0.613396110770303,CENTER,5,MVN_BIAS2_MC_NOPAR
0.800093499435203,0.892579515296899,0.897274176492996,0.790924899474341,0.820568169994295,VAR,5,MVN_BIAS2_MC_NOPAR
0.800093499435203,-0.141147407876641,-0.143755916817149,-0.100853718939509,-0.119615867433528,COV,5,MVN_BIAS2_MC_NOPAR
-0.141147407876641,0.892579515296899,-0.178237330329388,-0.145292505716472,-0.140696359838748,COV,5,MVN_BIAS2_MC_NOPAR
-0.143755916817149,-0.178237330329388,0.897274176492996,-0.150040959494986,-0.156247826178773,COV,5,MVN_BIAS2_MC_NOPAR
-0.100853718939509,-0.145292505716472,-0.150040959494986,0.790924899474341,-0.195422151603023,COV,5,MVN_BIAS2_MC_NOPAR
-0.119615867433528,-0.140696359838748,-0.156247826178773,-0.195422151603023,0.820568169994295,COV,5,MVN_BIAS2_MC_NOPAR
-1.10127598709021,-1.26235291694871,-1.24210766489698,-0.931207418652737,-1.27357327261022,P025,5,MVN_BIAS2_MC_NOPAR
2.36124943719042,2.56320825983955,2.57355445838279,2.50144971891606,2.39189995394858,P975,5,MVN_BIAS2_MC_NOPAR
0,0,0,0,0,CENTER,0,MVN_DEFL1_LHS_NOPAR
0.5,0.5,0.5,0.5,0.5,VAR,0,MVN_DEFL1_LHS_NOPAR
0.5,0,0,0,0,COV,0,MVN_DEFL1_LHS_NOPAR
0,0.5,0,0,0,COV,0,MVN_DEFL1_LHS_NOPAR
0,0,0.5,0,0,COV,0,MVN_DEFL1_LHS_NOPAR
0,0,0,0.5,0,COV,0,MVN_DEFL1_LHS_NOPAR
0,0,0,0,0.5,COV,0,MVN_DEFL1_LHS_NOPAR
NA,NA,NA,NA,NA,P975,0,MVN_DEFL1_LHS_NOPAR
NA,NA,NA,NA,NA,P025,0,MVN_DEFL1_LHS_NOPAR
0.0272001913177343,-0.00230290659054953,0.00418677972272685,0.0187584798750806,-0.0144666406465019,CENTER,1,MVN_DEFL1_LHS_NOPAR
0.742899198995972,0.748941998280409,0.754331409574736,0.746066265118249,0.764417475087189,VAR,1,MVN_DEFL1_LHS_NOPAR
0.742899198995972,-0.0155427284702843,0.0261803283368945,0.00732801199362294,-0.00515675901030115,COV,1,MVN_DEFL1_LHS_NOPAR
-0.0155427284702843,0.748941998280409,0.0204337981369712,0.00519280002381786,0.00760500038294286,COV,1,MVN_DEFL1_LHS_NOPAR
0.0261803283368945,0.0204337981369712,0.754331409574736,0.0272217984634927,0.0287202344577406,COV,1,MVN_DEFL1_LHS_NOPAR
0.00732801199362294,0.00519280002381786,0.0272217984634927,0.746066265118249,-0.0168141888782368,COV,1,MVN_DEFL1_LHS_NOPAR
-0.00515675901030115,0.00760500038294286,0.0287202344577406,-0.0168141888782368,0.764417475087189,COV,1,MVN_DEFL1_LHS_NOPAR
-1.63678085659026,-1.66953525228891,-1.72051910367705,-1.66696651971916,-1.70280614890322,P025,1,MVN_DEFL1_LHS_NOPAR
1.61082229641896,1.70454788374798,1.73808499645806,1.64920553563875,1.69158894139587,P975,1,MVN_DEFL1_LHS_NOPAR
0.0559435426454247,-0.0204966387671268,-0.069746916393443,0.0217215547343465,0.00286330080140099,CENTER,2,MVN_DEFL1_LHS_NOPAR
0.879321176635089,0.951957960905358,0.958638877928099,0.933369499151788,0.983270273237744,VAR,2,MVN_DEFL1_LHS_NOPAR
0.879321176635089,-0.00125030602494946,-0.0635607433371508,0.0148102206740571,0.0354701025526451,COV,2,MVN_DEFL1_LHS_NOPAR
-0.00125030602494946,0.951957960905358,0.0193534490469447,0.0497855218415649,-0.0705741508052707,COV,2,MVN_DEFL1_LHS_NOPAR
-0.0635607433371508,0.0193534490469447,0.958638877928099,-0.0656775120820187,0.0141803341960681,COV,2,MVN_DEFL1_LHS_NOPAR
0.0148102206740571,0.0497855218415649,-0.0656775120820187,0.933369499151788,0.0433221566399997,COV,2,MVN_DEFL1_LHS_NOPAR
0.0354701025526451,-0.0705741508052707,0.0141803341960681,0.0433221566399997,0.983270273237744,COV,2,MVN_DEFL1_LHS_NOPAR
-1.80900246703263,-1.9476563246892,-1.95205276981743,-1.84053953088966,-1.93532316904573,P025,2,MVN_DEFL1_LHS_NOPAR
1.85592524242992,1.91627178714624,1.82510267325396,1.96066632703754,1.83175312900848,P975,2,MVN_DEFL1_LHS_NOPAR
-0.0341824284061558,0.0209532817964388,-0.00957351877264171,-0.000166228211154118,0.0143920389362141,CENTER,3,MVN_DEFL1_LHS_NOPAR
0.950047434878881,1.06013521535931,1.06728519408722,0.973161483425747,1.02079733640327,VAR,3,MVN_DEFL1_LHS_NOPAR
0.950047434878881,0.079609184949547,0.00962969219139762,-0.0411438994225257,-0.0406670567442593,COV,3,MVN_DEFL1_LHS_NOPAR
0.079609184949547,1.06013521535931,-0.0113408793999709,-0.031100450458341,0.0707216488447547,COV,3,MVN_DEFL1_LHS_NOPAR
0.00962969219139762,-0.0113408793999709,1.06728519408722,0.0736012729383204,-0.00131918243394168,COV,3,MVN_DEFL1_LHS_NOPAR
-0.0411438994225257,-0.031100450458341,0.0736012729383204,0.973161483425747,-0.0554226749737016,COV,3,MVN_DEFL1_LHS_NOPAR
-0.0406670567442593,0.0707216488447547,-0.00131918243394168,-0.0554226749737016,1.02079733640327,COV,3,MVN_DEFL1_LHS_NOPAR
-1.96576374402443,-2.0277234670252,-2.05617502540157,-1.9353239146872,-1.92151500708527,P025,3,MVN_DEFL1_LHS_NOPAR
1.91250240023849,2.05418935212196,1.92857884523899,1.86627277167931,2.05126683386296,P975,3,MVN_DEFL1_LHS_NOPAR
-0.000171125046661342,0.00374469924026556,-0.037700516774789,-0.0430711558284937,0.0485732865496605,CENTER,4,MVN_DEFL1_LHS_NOPAR
0.983038655880831,1.03716396928566,1.01013188241583,1.02162454647621,1.02232159992193,VAR,4,MVN_DEFL1_LHS_NOPAR
0.983038655880831,-0.0906302542345741,0.0447776011336891,0.039248784980878,0.099876024913058,COV,4,MVN_DEFL1_LHS_NOPAR
-0.0906302542345741,1.03716396928566,0.0140013815902417,0.0505069706455243,-0.0385938901643338,COV,4,MVN_DEFL1_LHS_NOPAR
0.0447776011336891,0.0140013815902417,1.01013188241583,-0.0684323630512293,-0.0129525050226524,COV,4,MVN_DEFL1_LHS_NOPAR
0.039248784980878,0.0505069706455243,-0.0684323630512293,1.02162454647621,0.0630051184399284,COV,4,MVN_DEFL1_LHS_NOPAR
0.099876024913058,-0.0385938901643338,-0.0129525050226524,0.0630051184399284,1.02232159992193,COV,4,MVN_DEFL1_LHS_NOPAR
-1.92370043764845,-1.88506789235164,-2.05205848725168,-1.94643525439111,-1.90626678963424,P025,4,MVN_DEFL1_LHS_NOPAR
1.98580323730464,2.00462059625517,1.9189414092908,1.96793654260934,2.02281324893307,P975,4,MVN_DEFL1_LHS_NOPAR
-0.0122575498310939,0.0271807317718768,0.0151180799647522,-0.0151015611085702,0.0112285403061812,CENTER,5,MVN_DEFL1_LHS_NOPAR
1.09804489843444,0.991861359693872,0.995744813793458,1.01239968428554,1.03270547344795,VAR,5,MVN_DEFL1_LHS_NOPAR
1.09804489843444,0.0881557229969518,-0.000773385499248061,-0.0712672096492666,-0.0553629073643181,COV,5,MVN_DEFL1_LHS_NOPAR
0.0881557229969518,0.991861359693872,-0.0351917011970671,-0.0566066261342611,0.0593468372437875,COV,5,MVN_DEFL1_LHS_NOPAR
-0.000773385499248061,-0.0351917011970671,0.995744813793458,0.036641155353389,-0.0298837693579501,COV,5,MVN_DEFL1_LHS_NOPAR
-0.0712672096492666,-0.0566066261342611,0.036641155353389,1.01239968428554,-0.0480703968690276,COV,5,MVN_DEFL1_LHS_NOPAR
-0.0553629073643181,0.0593468372437875,-0.0298837693579501,-0.0480703968690276,1.03270547344795,COV,5,MVN_DEFL1_LHS_NOPAR
-2.08353544156514,-1.97922050509684,-2.05792855805638,-2.00589036734101,-1.94652002861777,P025,5,MVN_DEFL1_LHS_NOPAR
2.06670525109057,2.06805759359267,1.91590194711741,1.99020301306783,2.00517120188195,P975,5,MVN_DEFL1_LHS_NOPAR
0,0,0,0,0,CENTER,0,MVN_DEFL1_MC_NOPAR
0.5,0.5,0.5,0.5,0.5,VAR,0,MVN_DEFL1_MC_NOPAR
0.5,0,0,0,0,COV,0,MVN_DEFL1_MC_NOPAR
0,0.5,0,0,0,COV,0,MVN_DEFL1_MC_NOPAR
0,0,0.5,0,0,COV,0,MVN_DEFL1_MC_NOPAR
0,0,0,0.5,0,COV,0,MVN_DEFL1_MC_NOPAR
0,0,0,0,0.5,COV,0,MVN_DEFL1_MC_NOPAR
NA,NA,NA,NA,NA,P975,0,MVN_DEFL1_MC_NOPAR
NA,NA,NA,NA,NA,P025,0,MVN_DEFL1_MC_NOPAR
0.0430025195505103,0.0318391998501647,-0.0356109655370854,-0.020737358678839,-0.0234926560722702,CENTER,1,MVN_DEFL1_MC_NOPAR
0.792528076906802,0.761926054842361,0.730306383364525,0.706086781667163,0.735968355784095,VAR,1,MVN_DEFL1_MC_NOPAR
0.792528076906802,-0.0293686167208565,-0.0117273608983901,0.0103892394899531,0.0445764460625834,COV,1,MVN_DEFL1_MC_NOPAR
-0.0293686167208565,0.761926054842361,0.0115100310701911,0.000424450570584374,-0.0326473505525181,COV,1,MVN_DEFL1_MC_NOPAR
-0.0117273608983901,0.0115100310701911,0.730306383364525,0.0562049017142578,-0.00712648237955781,COV,1,MVN_DEFL1_MC_NOPAR
0.0103892394899531,0.000424450570584374,0.0562049017142578,0.706086781667163,-0.001322515100102,COV,1,MVN_DEFL1_MC_NOPAR
0.0445764460625834,-0.0326473505525181,-0.00712648237955781,-0.001322515100102,0.735968355784095,COV,1,MVN_DEFL1_MC_NOPAR
-1.67914564778547,-1.63466951603557,-1.68985336458354,-1.64237116818565,-1.6501324956953,P025,1,MVN_DEFL1_MC_NOPAR
1.716383072331,1.74036188781098,1.59888199038988,1.70097998882843,1.7225450744215,P975,1,MVN_DEFL1_MC_NOPAR
0.0163939202199434,-0.014753930362625,-0.01957939319166,0.0217026458247296,0.0288636875539839,CENTER,2,MVN_DEFL1_MC_NOPAR
0.9367270231698,0.962626364680946,0.911101811233636,0.94993382581033,0.876052930562835,VAR,2,MVN_DEFL1_MC_NOPAR
0.9367270231698,-0.00693976056529137,-0.00890198756467843,-0.0454776666649017,0.0192455560729264,COV,2,MVN_DEFL1_MC_NOPAR
-0.00693976056529137,0.962626364680946,-0.00712582585270173,0.00243710779016389,-0.0277030628370606,COV,2,MVN_DEFL1_MC_NOPAR
-0.00890198756467843,-0.00712582585270173,0.911101811233636,-0.0120194037524819,-0.057549251198095,COV,2,MVN_DEFL1_MC_NOPAR
-0.0454776666649017,0.00243710779016389,-0.0120194037524819,0.94993382581033,-0.0557949820075826,COV,2,MVN_DEFL1_MC_NOPAR
0.0192455560729264,-0.0277030628370606,-0.057549251198095,-0.0557949820075826,0.876052930562835,COV,2,MVN_DEFL1_MC_NOPAR
-1.89546016465745,-1.96088575618015,-1.81375344139818,-1.89833116029025,-1.7587412291327,P025,2,MVN_DEFL1_MC_NOPAR
1.85623388286139,1.92568538220913,1.79984501645646,1.94971012373739,1.89530885040969,P975,2,MVN_DEFL1_MC_NOPAR
-0.0084113952494799,0.00820074764722982,0.0240472603556031,0.00777033834482245,-0.0130709614621238,CENTER,3,MVN_DEFL1_MC_NOPAR
0.96120700649292,1.08068416094029,1.02285300787718,0.92998364899965,0.972373846080941,VAR,3,MVN_DEFL1_MC_NOPAR
0.96120700649292,-0.018004253786472,0.00554167213045203,0.0010963127141716,0.0202881984942701,COV,3,MVN_DEFL1_MC_NOPAR
-0.018004253786472,1.08068416094029,-0.00827745867477873,-0.0295114799633308,0.0279990822897306,COV,3,MVN_DEFL1_MC_NOPAR
0.00554167213045203,-0.00827745867477873,1.02285300787718,-0.026126379743441,-0.0312672365423442,COV,3,MVN_DEFL1_MC_NOPAR
0.0010963127141716,-0.0295114799633308,-0.026126379743441,0.92998364899965,-0.00768334845350997,COV,3,MVN_DEFL1_MC_NOPAR
0.0202881984942701,0.0279990822897306,-0.0312672365423442,-0.00768334845350997,0.972373846080941,COV,3,MVN_DEFL1_MC_NOPAR
-1.97869747557866,-1.88770555399734,-1.99165651425175,-1.93802332087626,-1.9813613444573,P025,3,MVN_DEFL1_MC_NOPAR
1.86004992289993,2.20764354587006,2.08021977346341,1.86793443979085,1.79681058228439,P975,3,MVN_DEFL1_MC_NOPAR
-0.0109149668234975,-0.0428552981344642,0.00300828309116678,-0.00218172624661223,-0.0409047155695107,CENTER,4,MVN_DEFL1_MC_NOPAR
0.99288827574517,1.04727524047611,0.999764520075168,0.913736998369172,1.0080349220447,VAR,4,MVN_DEFL1_MC_NOPAR
0.99288827574517,0.0113957808973334,-0.0107766659829599,-0.00822770238741625,-0.0233983516265844,COV,4,MVN_DEFL1_MC_NOPAR
0.0113957808973334,1.04727524047611,0.0329033552594009,0.0344224275656104,0.0105162165836824,COV,4,MVN_DEFL1_MC_NOPAR
-0.0107766659829599,0.0329033552594009,0.999764520075168,-0.022362119965514,-0.000955401198807129,COV,4,MVN_DEFL1_MC_NOPAR
-0.00822770238741625,0.0344224275656104,-0.022362119965514,0.913736998369172,-0.0197474888986903,COV,4,MVN_DEFL1_MC_NOPAR
-0.0233983516265844,0.0105162165836824,-0.000955401198807129,-0.0197474888986903,1.0080349220447,COV,4,MVN_DEFL1_MC_NOPAR
-1.86844727013985,-1.98269488972422,-1.95429183658511,-1.79916699249054,-2.05025624400486,P025,4,MVN_DEFL1_MC_NOPAR
1.87626107159642,1.90856045369395,1.96495400325383,1.83071860939933,1.80880427261716,P975,4,MVN_DEFL1_MC_NOPAR
0.0161457315128632,-0.00238053482919374,0.0214607768225968,0.0211419619239186,0.0108509660571008,CENTER,5,MVN_DEFL1_MC_NOPAR
0.993704875441316,1.04679126899299,0.926715307954814,1.01191684794659,0.913250126852021,VAR,5,MVN_DEFL1_MC_NOPAR
0.993704875441316,0.021253868926386,-0.0031376095324514,-0.0499778343446941,0.0139428781552642,COV,5,MVN_DEFL1_MC_NOPAR
0.021253868926386,1.04679126899299,-0.0131962866917795,-0.0142146636552656,-0.00491335530731176,COV,5,MVN_DEFL1_MC_NOPAR
-0.0031376095324514,-0.0131962866917795,0.926715307954814,-0.0560358985678015,0.0376256606315808,COV,5,MVN_DEFL1_MC_NOPAR
-0.0499778343446941,-0.0142146636552656,-0.0560358985678015,1.01191684794659,-0.0168123803588191,COV,5,MVN_DEFL1_MC_NOPAR
0.0139428781552642,-0.00491335530731176,0.0376256606315808,-0.0168123803588191,0.913250126852021,COV,5,MVN_DEFL1_MC_NOPAR
-1.98620068701587,-1.92068317795717,-1.78907624652518,-1.84915357566525,-1.83735162582559,P025,5,MVN_DEFL1_MC_NOPAR
1.9328669267099,2.05581967378655,1.92252511871971,1.98669397584061,1.75298958610622,P975,5,MVN_DEFL1_MC_NOPAR
0,0,0,0,0,CENTER,0,MVN_DEFL1NEGCOR_LHS_NOPAR
0.1,0.1,0.1,0.1,0.1,VAR,0,MVN_DEFL1NEGCOR_LHS_NOPAR
0.1,0,0,0,0,COV,0,MVN_DEFL1NEGCOR_LHS_NOPAR
0,0.1,0,0,0,COV,0,MVN_DEFL1NEGCOR_LHS_NOPAR
0,0,0.1,0,0,COV,0,MVN_DEFL1NEGCOR_LHS_NOPAR
0,0,0,0.1,0,COV,0,MVN_DEFL1NEGCOR_LHS_NOPAR
0,0,0,0,0.1,COV,0,MVN_DEFL1NEGCOR_LHS_NOPAR
NA,NA,NA,NA,NA,P975,0,MVN_DEFL1NEGCOR_LHS_NOPAR
NA,NA,NA,NA,NA,P025,0,MVN_DEFL1NEGCOR_LHS_NOPAR
-0.000528016952617386,0.00241987171010427,-0.0071680056116063,0.00911571930259815,0.00528843296375275,CENTER,1,MVN_DEFL1NEGCOR_LHS_NOPAR
0.168880616722662,0.168452513088946,0.184136984965144,0.17154541647555,0.173023298969152,VAR,1,MVN_DEFL1NEGCOR_LHS_NOPAR
0.168880616722662,-0.012415238735483,0.00806841174367575,0.00181565369379793,0.00397644033051259,COV,1,MVN_DEFL1NEGCOR_LHS_NOPAR
-0.012415238735483,0.168452513088946,0.00152283319279497,-0.000262448772719681,-0.00393800900186395,COV,1,MVN_DEFL1NEGCOR_LHS_NOPAR
0.00806841174367575,0.00152283319279497,0.184136984965144,0.0023402374014938,0.00256295184333933,COV,1,MVN_DEFL1NEGCOR_LHS_NOPAR
0.00181565369379793,-0.000262448772719681,0.0023402374014938,0.17154541647555,-0.00630122256286308,COV,1,MVN_DEFL1NEGCOR_LHS_NOPAR
0.00397644033051259,-0.00393800900186395,0.00256295184333933,-0.00630122256286308,0.173023298969152,COV,1,MVN_DEFL1NEGCOR_LHS_NOPAR
-0.775977229449995,-0.787189953048898,-0.796602377771582,-0.799236120658501,-0.776372153319119,P025,1,MVN_DEFL1NEGCOR_LHS_NOPAR
0.778142568247337,0.787208599460159,0.806156151348513,0.766022113069459,0.790749725866635,P975,1,MVN_DEFL1NEGCOR_LHS_NOPAR
0.014055842837702,0.000453275158522632,-0.00652300316841455,0.00238768678332681,-0.00382723892898427,CENTER,2,MVN_DEFL1NEGCOR_LHS_NOPAR
0.285963458418242,0.299592943852134,0.316207599153576,0.279343352517246,0.282255599103624,VAR,2,MVN_DEFL1NEGCOR_LHS_NOPAR
0.285963458418242,-0.0237264628854122,-0.00992210542748665,-0.0125996063032767,-0.00387310827387253,COV,2,MVN_DEFL1NEGCOR_LHS_NOPAR
-0.0237264628854122,0.299592943852134,0.0126203824946694,0.0141713040813548,0.00100454845857332,COV,2,MVN_DEFL1NEGCOR_LHS_NOPAR
-0.00992210542748665,0.0126203824946694,0.316207599153576,-0.00106093404283739,0.00776491234619538,COV,2,MVN_DEFL1NEGCOR_LHS_NOPAR
-0.0125996063032767,0.0141713040813548,-0.00106093404283739,0.279343352517246,-0.0152013053538457,COV,2,MVN_DEFL1NEGCOR_LHS_NOPAR
-0.00387310827387253,0.00100454845857332,0.00776491234619538,-0.0152013053538457,0.282255599103624,COV,2,MVN_DEFL1NEGCOR_LHS_NOPAR
-1.01869664834532,-1.03261387744607,-1.06456202939304,-0.973222540499527,-1.01841010651283,P025,2,MVN_DEFL1NEGCOR_LHS_NOPAR
1.01129557583179,1.03605406547192,1.07022380053767,1.00743640244001,1.03569855037188,P975,2,MVN_DEFL1NEGCOR_LHS_NOPAR
0.0221704417431193,-0.0162295533913655,0.00456987371971657,0.00531637738284987,-0.0053637521125632,CENTER,3,MVN_DEFL1NEGCOR_LHS_NOPAR
0.459522277516061,0.453911020573214,0.535986898378455,0.462593853470096,0.439904151338828,VAR,3,MVN_DEFL1NEGCOR_LHS_NOPAR
0.459522277516061,-0.00871116971626509,0.0206000487275152,0.00455334329772446,0.011666149769658,COV,3,MVN_DEFL1NEGCOR_LHS_NOPAR
-0.00871116971626509,0.453911020573214,-0.0229121638033273,-0.00768257680825377,-0.00126623805450929,COV,3,MVN_DEFL1NEGCOR_LHS_NOPAR
0.0206000487275152,-0.0229121638033273,0.535986898378455,-0.00192265434241365,0.0103086027915166,COV,3,MVN_DEFL1NEGCOR_LHS_NOPAR
0.00455334329772446,-0.00768257680825377,-0.00192265434241365,0.462593853470096,-0.0458346074748623,COV,3,MVN_DEFL1NEGCOR_LHS_NOPAR
0.011666149769658,-0.00126623805450929,0.0103086027915166,-0.0458346074748623,0.439904151338828,COV,3,MVN_DEFL1NEGCOR_LHS_NOPAR
-1.26820858386418,-1.35197805531949,-1.40501959823045,-1.25075314235214,-1.26182901506373,P025,3,MVN_DEFL1NEGCOR_LHS_NOPAR
1.30301901084031,1.32020537757599,1.39242851675075,1.29307913887151,1.29941494449355,P975,3,MVN_DEFL1NEGCOR_LHS_NOPAR
-0.0217823011029334,0.00328266704464554,-0.0177254139867986,0.0303473806901843,-0.0333304601399757,CENTER,4,MVN_DEFL1NEGCOR_LHS_NOPAR
0.649710265854888,0.617043582968394,0.798697919713487,0.638338669469625,0.606094688188647,VAR,4,MVN_DEFL1NEGCOR_LHS_NOPAR
0.649710265854888,-0.139855973150062,-0.0407742335485903,-0.00760282720944028,0.0220109805286444,COV,4,MVN_DEFL1NEGCOR_LHS_NOPAR
-0.139855973150062,0.617043582968394,0.0564894103280325,0.0373101526592464,-0.0173107464094524,COV,4,MVN_DEFL1NEGCOR_LHS_NOPAR
-0.0407742335485903,0.0564894103280325,0.798697919713487,0.011666433139875,-0.0265367334549787,COV,4,MVN_DEFL1NEGCOR_LHS_NOPAR
-0.00760282720944028,0.0373101526592464,0.011666433139875,0.638338669469625,-0.0855985770323494,COV,4,MVN_DEFL1NEGCOR_LHS_NOPAR
0.0220109805286444,-0.0173107464094524,-0.0265367334549787,-0.0855985770323494,0.606094688188647,COV,4,MVN_DEFL1NEGCOR_LHS_NOPAR
-1.52504010263864,-1.51639991439534,-1.77204571619626,-1.49427169942166,-1.50635901760769,P025,4,MVN_DEFL1NEGCOR_LHS_NOPAR
1.50354191772592,1.47196573203841,1.76856604386206,1.5213637905297,1.47074199788919,P975,4,MVN_DEFL1NEGCOR_LHS_NOPAR
-0.0223165463418227,0.0113688486942057,-0.0336745494491904,0.0191749967909796,-0.0311386158628799,CENTER,5,MVN_DEFL1NEGCOR_LHS_NOPAR
0.782556412915374,0.777241447565858,0.962636770350918,0.773476376536222,0.761174289876037,VAR,5,MVN_DEFL1NEGCOR_LHS_NOPAR
0.782556412915374,-0.151253875852614,-0.00268468757931443,-0.00412028794215537,0.00125110028427223,COV,5,MVN_DEFL1NEGCOR_LHS_NOPAR
-0.151253875852614,0.777241447565858,-0.0339513490485642,-0.0587789791829927,0.0196330802149274,COV,5,MVN_DEFL1NEGCOR_LHS_NOPAR
-0.00268468757931443,-0.0339513490485642,0.962636770350918,-0.0358091902005064,0.0113681058631796,COV,5,MVN_DEFL1NEGCOR_LHS_NOPAR
-0.00412028794215537,-0.0587789791829927,-0.0358091902005064,0.773476376536222,-0.173606058855456,COV,5,MVN_DEFL1NEGCOR_LHS_NOPAR
