param1,param2,param3,param4,param5,Variable,Iteration,NAME
0,0,0,0,0,CENTER,0,MVN_TRUENEGCOR_LHS_NOPAR
1,1,1,1,1,VAR,0,MVN_TRUENEGCOR_LHS_NOPAR
1,0,0,0,0,COV,0,MVN_TRUENEGCOR_LHS_NOPAR
0,1,0,0,0,COV,0,MVN_TRUENEGCOR_LHS_NOPAR
0,0,1,0,0,COV,0,MVN_TRUENEGCOR_LHS_NOPAR
0,0,0,1,0,COV,0,MVN_TRUENEGCOR_LHS_NOPAR
0,0,0,0,1,COV,0,MVN_TRUENEGCOR_LHS_NOPAR
NA,NA,NA,NA,NA,P975,0,MVN_TRUENEGCOR_LHS_NOPAR
NA,NA,NA,NA,NA,P025,0,MVN_TRUENEGCOR_LHS_NOPAR
0.010437817,0.059829411,-0.031252933,0.008928684,-0.008669128,CENTER,1,MVN_TRUENEGCOR_LHS_NOPAR
0.937225976,0.980260213,1.00858256,0.889042891,0.947581164,VAR,1,MVN_TRUENEGCOR_LHS_NOPAR
0.937225976,-0.434132752,-0.07290253,0.007325843,-0.016173926,COV,1,MVN_TRUENEGCOR_LHS_NOPAR
-0.434132752,0.980260213,-0.026395822,0.002577422,0.004451856,COV,1,MVN_TRUENEGCOR_LHS_NOPAR
-0.07290253,-0.026395822,1.00858256,0.013705849,-0.028338063,COV,1,MVN_TRUENEGCOR_LHS_NOPAR
0.007325843,0.002577422,0.013705849,0.889042891,-0.355135646,COV,1,MVN_TRUENEGCOR_LHS_NOPAR
-0.016173926,0.004451856,-0.028338063,-0.355135646,0.947581164,COV,1,MVN_TRUENEGCOR_LHS_NOPAR
-1.812366481,-1.935842334,-1.985965533,-1.819399434,-1.84405275,P025,1,MVN_TRUENEGCOR_LHS_NOPAR
1.861974503,1.948085893,2.017664442,1.82554558,1.865556081,P975,1,MVN_TRUENEGCOR_LHS_NOPAR
-0.005974752,0.025278888,0.043609589,-0.006160305,-0.053567169,CENTER,2,MVN_TRUENEGCOR_LHS_NOPAR
0.947153548,0.936323893,1.012119388,0.834884523,0.869136211,VAR,2,MVN_TRUENEGCOR_LHS_NOPAR
0.947153548,-0.090491784,0.042654464,-0.034658144,0.066996543,COV,2,MVN_TRUENEGCOR_LHS_NOPAR
-0.090491784,0.936323893,0.100947479,-0.002335438,-0.009952982,COV,2,MVN_TRUENEGCOR_LHS_NOPAR
0.042654464,0.100947479,1.012119388,-0.025885962,0.017178764,COV,2,MVN_TRUENEGCOR_LHS_NOPAR
-0.034658144,-0.002335438,-0.025885962,0.834884523,-0.119847191,COV,2,MVN_TRUENEGCOR_LHS_NOPAR
0.066996543,-0.009952982,0.017178764,-0.119847191,0.869136211,COV,2,MVN_TRUENEGCOR_LHS_NOPAR
-1.902971454,-1.788045214,-1.819492977,-1.81849871,-1.816350714,P025,2,MVN_TRUENEGCOR_LHS_NOPAR
1.83176782,2.074539793,2.053600137,1.735534489,1.723963157,P975,2,MVN_TRUENEGCOR_LHS_NOPAR
-0.027441531,0.008006221,0.0251232,0.015782158,-0.008014878,CENTER,3,MVN_TRUENEGCOR_LHS_NOPAR
0.881235255,0.863272096,0.975099358,0.832279278,0.87206346,VAR,3,MVN_TRUENEGCOR_LHS_NOPAR
0.881235255,-0.336337626,0.017730063,0.017963248,-0.050922187,COV,3,MVN_TRUENEGCOR_LHS_NOPAR
-0.336337626,0.863272096,-0.064211525,0.006694923,0.003651245,COV,3,MVN_TRUENEGCOR_LHS_NOPAR
0.017730063,-0.064211525,0.975099358,0.004872088,-0.009791052,COV,3,MVN_TRUENEGCOR_LHS_NOPAR
0.017963248,0.006694923,0.004872088,0.832279278,-0.274377463,COV,3,MVN_TRUENEGCOR_LHS_NOPAR
-0.050922187,0.003651245,-0.009791052,-0.274377463,0.87206346,COV,3,MVN_TRUENEGCOR_LHS_NOPAR
-1.866850085,-1.861004175,-1.815962284,-1.715742751,-1.81698762,P025,3,MVN_TRUENEGCOR_LHS_NOPAR
1.910973559,1.783824299,1.863345092,1.835873543,1.824632687,P975,3,MVN_TRUENEGCOR_LHS_NOPAR
-0.045020524,0.058144579,0.084161481,0.02082866,-0.043833855,CENTER,4,MVN_TRUENEGCOR_LHS_NOPAR
0.907435759,0.942107058,1.010214638,0.821046302,0.89471487,VAR,4,MVN_TRUENEGCOR_LHS_NOPAR
0.907435759,-0.120205945,-0.048803721,-0.039672413,0.083039952,COV,4,MVN_TRUENEGCOR_LHS_NOPAR
-0.120205945,0.942107058,0.091805985,-0.044046981,0.000795658,COV,4,MVN_TRUENEGCOR_LHS_NOPAR
-0.048803721,0.091805985,1.010214638,-0.002290064,0.005714892,COV,4,MVN_TRUENEGCOR_LHS_NOPAR
-0.039672413,-0.044046981,-0.002290064,0.821046302,-0.128043649,COV,4,MVN_TRUENEGCOR_LHS_NOPAR
0.083039952,0.000795658,0.005714892,-0.128043649,0.89471487,COV,4,MVN_TRUENEGCOR_LHS_NOPAR
-1.881457253,-1.873778992,-1.830958132,-1.687972594,-1.963396127,P025,4,MVN_TRUENEGCOR_LHS_NOPAR
1.819595613,1.942021162,1.942607489,1.682139929,1.669778773,P975,4,MVN_TRUENEGCOR_LHS_NOPAR
-0.054095619,0.054585768,0.042995597,-0.006963148,-0.024390589,CENTER,5,MVN_TRUENEGCOR_LHS_NOPAR
0.874754932,0.921928184,0.955046243,0.821412857,0.792048035,VAR,5,MVN_TRUENEGCOR_LHS_NOPAR
0.874754932,-0.325235509,0.047527286,0.029975508,-0.099918226,COV,5,MVN_TRUENEGCOR_LHS_NOPAR
-0.325235509,0.921928184,-0.074572033,0.069865121,0.013634266,COV,5,MVN_TRUENEGCOR_LHS_NOPAR
0.047527286,-0.074572033,0.955046243,0.015383861,-0.009895386,COV,5,MVN_TRUENEGCOR_LHS_NOPAR
0.029975508,0.069865121,0.015383861,0.821412857,-0.236997361,COV,5,MVN_TRUENEGCOR_LHS_NOPAR
-0.099918226,0.013634266,-0.009895386,-0.236997361,0.792048035,COV,5,MVN_TRUENEGCOR_LHS_NOPAR
-1.883480341,-1.812763069,-1.858610115,-1.796294785,-1.794964715,P025,5,MVN_TRUENEGCOR_LHS_NOPAR
1.703503062,1.882206432,1.987977955,1.866842283,1.704070482,P975,5,MVN_TRUENEGCOR_LHS_NOPAR
