"param1","param2","param3","param4","param5","Variable","Iteration","NAME"
"0","0","0","0","0","CENTER","0","MVN_DEFL1_LHS_NOPAR"
"0.5","0.5","0.5","0.5","0.5","VAR","0","MVN_DEFL1_LHS_NOPAR"
"0.5","0","0","0","0","COV","0","MVN_DEFL1_LHS_NOPAR"
"0","0.5","0","0","0","COV","0","MVN_DEFL1_LHS_NOPAR"
"0","0","0.5","0","0","COV","0","MVN_DEFL1_LHS_NOPAR"
"0","0","0","0.5","0","COV","0","MVN_DEFL1_LHS_NOPAR"
"0","0","0","0","0.5","COV","0","MVN_DEFL1_LHS_NOPAR"
NA,NA,NA,NA,NA,"P975","0","MVN_DEFL1_LHS_NOPAR"
NA,NA,NA,NA,NA,"P025","0","MVN_DEFL1_LHS_NOPAR"
"0.0272001913177343","-0.00230290659054953","0.00418677972272685","0.0187584798750806","-0.0144666406465019","CENTER","1","MVN_DEFL1_LHS_NOPAR"
"0.742899198995972","0.748941998280409","0.754331409574736","0.746066265118249","0.764417475087189","VAR","1","MVN_DEFL1_LHS_NOPAR"
"0.742899198995972","-0.0155427284702843","0.0261803283368945","0.00732801199362294","-0.00515675901030115","COV","1","MVN_DEFL1_LHS_NOPAR"
"-0.0155427284702843","0.748941998280409","0.0204337981369712","0.00519280002381786","0.00760500038294286","COV","1","MVN_DEFL1_LHS_NOPAR"
"0.0261803283368945","0.0204337981369712","0.754331409574736","0.0272217984634927","0.0287202344577406","COV","1","MVN_DEFL1_LHS_NOPAR"
"0.00732801199362294","0.00519280002381786","0.0272217984634927","0.746066265118249","-0.0168141888782368","COV","1","MVN_DEFL1_LHS_NOPAR"
"-0.00515675901030115","0.00760500038294286","0.0287202344577406","-0.0168141888782368","0.764417475087189","COV","1","MVN_DEFL1_LHS_NOPAR"
"-1.63678085659026","-1.66953525228891","-1.72051910367705","-1.66696651971916","-1.70280614890322","P025","1","MVN_DEFL1_LHS_NOPAR"
"1.61082229641896","1.70454788374798","1.73808499645806","1.64920553563875","1.69158894139587","P975","1","MVN_DEFL1_LHS_NOPAR"
"0.0559435426454247","-0.0204966387671268","-0.069746916393443","0.0217215547343465","0.00286330080140099","CENTER","2","MVN_DEFL1_LHS_NOPAR"
"0.879321176635089","0.951957960905358","0.958638877928099","0.933369499151788","0.983270273237744","VAR","2","MVN_DEFL1_LHS_NOPAR"
"0.879321176635089","-0.00125030602494946","-0.0635607433371508","0.0148102206740571","0.0354701025526451","COV","2","MVN_DEFL1_LHS_NOPAR"
"-0.00125030602494946","0.951957960905358","0.0193534490469447","0.0497855218415649","-0.0705741508052707","COV","2","MVN_DEFL1_LHS_NOPAR"
"-0.0635607433371508","0.0193534490469447","0.958638877928099","-0.0656775120820187","0.0141803341960681","COV","2","MVN_DEFL1_LHS_NOPAR"
"0.0148102206740571","0.0497855218415649","-0.0656775120820187","0.933369499151788","0.0433221566399997","COV","2","MVN_DEFL1_LHS_NOPAR"
"0.0354701025526451","-0.0705741508052707","0.0141803341960681","0.0433221566399997","0.983270273237744","COV","2","MVN_DEFL1_LHS_NOPAR"
"-1.80900246703263","-1.9476563246892","-1.95205276981743","-1.84053953088966","-1.93532316904573","P025","2","MVN_DEFL1_LHS_NOPAR"
"1.85592524242992","1.91627178714624","1.82510267325396","1.96066632703754","1.83175312900848","P975","2","MVN_DEFL1_LHS_NOPAR"
"-0.0341824284061558","0.0209532817964388","-0.00957351877264171","-0.000166228211154118","0.0143920389362141","CENTER","3","MVN_DEFL1_LHS_NOPAR"
"0.950047434878881","1.06013521535931","1.06728519408722","0.973161483425747","1.02079733640327","VAR","3","MVN_DEFL1_LHS_NOPAR"
"0.950047434878881","0.079609184949547","0.00962969219139762","-0.0411438994225257","-0.0406670567442593","COV","3","MVN_DEFL1_LHS_NOPAR"
"0.079609184949547","1.06013521535931","-0.0113408793999709","-0.031100450458341","0.0707216488447547","COV","3","MVN_DEFL1_LHS_NOPAR"
"0.00962969219139762","-0.0113408793999709","1.06728519408722","0.0736012729383204","-0.00131918243394168","COV","3","MVN_DEFL1_LHS_NOPAR"
"-0.0411438994225257","-0.031100450458341","0.0736012729383204","0.973161483425747","-0.0554226749737016","COV","3","MVN_DEFL1_LHS_NOPAR"
"-0.0406670567442593","0.0707216488447547","-0.00131918243394168","-0.0554226749737016","1.02079733640327","COV","3","MVN_DEFL1_LHS_NOPAR"
"-1.96576374402443","-2.0277234670252","-2.05617502540157","-1.9353239146872","-1.92151500708527","P025","3","MVN_DEFL1_LHS_NOPAR"
"1.91250240023849","2.05418935212196","1.92857884523899","1.86627277167931","2.05126683386296","P975","3","MVN_DEFL1_LHS_NOPAR"
"-0.000171125046661342","0.00374469924026556","-0.037700516774789","-0.0430711558284937","0.0485732865496605","CENTER","4","MVN_DEFL1_LHS_NOPAR"
"0.983038655880831","1.03716396928566","1.01013188241583","1.02162454647621","1.02232159992193","VAR","4","MVN_DEFL1_LHS_NOPAR"
"0.983038655880831","-0.0906302542345741","0.0447776011336891","0.039248784980878","0.099876024913058","COV","4","MVN_DEFL1_LHS_NOPAR"
"-0.0906302542345741","1.03716396928566","0.0140013815902417","0.0505069706455243","-0.0385938901643338","COV","4","MVN_DEFL1_LHS_NOPAR"
"0.0447776011336891","0.0140013815902417","1.01013188241583","-0.0684323630512293","-0.0129525050226524","COV","4","MVN_DEFL1_LHS_NOPAR"
"0.039248784980878","0.0505069706455243","-0.0684323630512293","1.02162454647621","0.0630051184399284","COV","4","MVN_DEFL1_LHS_NOPAR"
"0.099876024913058","-0.0385938901643338","-0.0129525050226524","0.0630051184399284","1.02232159992193","COV","4","MVN_DEFL1_LHS_NOPAR"
"-1.92370043764845","-1.88506789235164","-2.05205848725168","-1.94643525439111","-1.90626678963424","P025","4","MVN_DEFL1_LHS_NOPAR"
"1.98580323730464","2.00462059625517","1.9189414092908","1.96793654260934","2.02281324893307","P975","4","MVN_DEFL1_LHS_NOPAR"
"-0.0122575498310939","0.0271807317718768","0.0151180799647522","-0.0151015611085702","0.0112285403061812","CENTER","5","MVN_DEFL1_LHS_NOPAR"
"1.09804489843444","0.991861359693872","0.995744813793458","1.01239968428554","1.03270547344795","VAR","5","MVN_DEFL1_LHS_NOPAR"
"1.09804489843444","0.0881557229969518","-0.000773385499248061","-0.0712672096492666","-0.0553629073643181","COV","5","MVN_DEFL1_LHS_NOPAR"
"0.0881557229969518","0.991861359693872","-0.0351917011970671","-0.0566066261342611","0.0593468372437875","COV","5","MVN_DEFL1_LHS_NOPAR"
"-0.000773385499248061","-0.0351917011970671","0.995744813793458","0.036641155353389","-0.0298837693579501","COV","5","MVN_DEFL1_LHS_NOPAR"
"-0.0712672096492666","-0.0566066261342611","0.036641155353389","1.01239968428554","-0.0480703968690276","COV","5","MVN_DEFL1_LHS_NOPAR"
"-0.0553629073643181","0.0593468372437875","-0.0298837693579501","-0.0480703968690276","1.03270547344795","COV","5","MVN_DEFL1_LHS_NOPAR"
"-2.08353544156514","-1.97922050509684","-2.05792855805638","-2.00589036734101","-1.94652002861777","P025","5","MVN_DEFL1_LHS_NOPAR"
"2.06670525109057","2.06805759359267","1.91590194711741","1.99020301306783","2.00517120188195","P975","5","MVN_DEFL1_LHS_NOPAR"
